1.44579	3.39005
2.89158	2.79227
4.40966	1.88189
5.92774	1.34212
7.52172	1.05847
9.11571	0.873005
10.7894	0.737216
12.4631	0.637872
14.2204	0.558846
15.9778	0.497216
17.823	0.445643
19.6683	0.403753
21.6058	0.367497
23.5433	0.337212
25.5776	0.310364
27.612	0.287473
29.7481	0.266815
31.8842	0.248925
34.1271	0.232555
36.37	0.218205
38.725	0.204928
41.0801	0.193174
43.5529	0.182202
46.0257	0.172409
48.6221	0.163199
51.2185	0.154923
53.9448	0.147091
56.671	0.140013
59.5336	0.133279
62.3962	0.127163
65.4019	0.121318
68.4075	0.115986
71.5635	0.11087
74.7195	0.106186
78.0333	0.101676
81.3471	0.0975334
84.8265	0.093532
88.306	0.0898459
91.9594	0.0862759
95.6129	0.0829787
99.449	0.0797774
103.285	0.0768138
107.313	0.0739303
111.341	0.0712553
115.57	0.0686473
119.8	0.0662234
124.24	0.063856
128.681	0.061652
133.344	0.0594958
138.007	0.0574853
142.903	0.0555155
147.799	0.0536761
152.939	0.0518716
158.08	0.0501845
163.478	0.0485272
168.876	0.0469758
174.543	0.0454502
180.211	0.0440205
186.162	0.042613
192.113	0.0412927
198.362	0.0399917
204.611	0.0387702
211.172	0.0375653
217.733	0.0364331
224.622	0.0353155
231.511	0.0342644
238.744	0.033226
245.978	0.0322487
253.573	0.0312825
261.168	0.0303725
269.143	0.0294723
277.118	0.0286239
285.492	0.0277842
293.866	0.0269922
302.658	0.0262079
311.451	0.0254678
320.683	0.0247344
329.915	0.024042
339.609	0.0233556
349.302	0.0227072
359.481	0.0220641
369.659	0.0214563
380.346	0.0208532
391.034	0.0202831
402.255	0.0197171
413.477	0.0191817
425.259	0.0186501
437.042	0.0181471
449.414	0.0176473
461.786	0.0171743
474.776	0.0167042
487.767	0.0162591
501.407	0.0158166
515.047	0.0153976
529.369	0.0149808
543.691	0.014586
558.729	0.0141932
573.767	0.013821
589.557	0.0134506
605.347	0.0130996
621.926	0.0127502
638.506	0.0124189
655.914	0.0120891
673.322	0.0117764
691.601	0.0114649
709.88	0.0111695
729.073	0.0108753
748.266	0.0105962
768.418	0.0103181
788.571	0.0100542
809.731	0.00979128
830.891	0.00954174
853.109	0.00929305
875.327	0.00905698
898.656	0.00882168
921.985	0.00859828
946.48	0.00837556
970.975	0.00816408
996.696	0.00795321
1022.42	0.00775295
1049.42	0.00755325
1076.43	0.00736356
1104.78	0.00717438
1133.14	0.00699466
1162.92	0.00681539
1192.69	0.00664506
1223.95	0.00647514
1255.22	0.00631369
1288.04	0.0061526
1320.87	0.00599951
1355.34	0.00584675
1389.8	0.00570157
1425.99	0.00555668
1462.19	0.00541897
1500.19	0.00528152
1538.19	0.00515086
1578.09	0.00502044
1617.99	0.00489645
1659.88	0.00477268
1701.78	0.004655
1745.77	0.00453752
1789.76	0.00442581
1835.95	0.00431428
1882.14	0.00420823
1930.64	0.00410233
1979.14	0.00400162
2030.06	0.00390106
2080.98	0.00380541
2134.45	0.0037099
2187.93	0.00361906
2244.07	0.00352833
2300.21	0.00344203
2359.16	0.00335584
2418.12	0.00327385
2480.01	0.00319196
2541.91	0.00311405
2606.91	0.00303623
2671.9	0.0029622
2740.14	0.00288824
2808.39	0.00281788
2880.04	0.00274759
2951.7	0.00268071
3026.94	0.0026139
3102.17	0.00255032
3181.17	0.00248681
3260.17	0.00242637
3343.12	0.00236599
3426.07	0.00230853
3513.17	0.00225111
3600.27	0.00219648
3691.72	0.00214188
3783.17	0.00208993
3879.2	0.00203802
3975.23	0.00198861
4076.05	0.00193924
4176.88	0.00189225
4282.75	0.00184529
4388.61	0.0018006
4499.77	0.00175594
4610.94	0.00171343
4727.65	0.00167095
4844.37	0.00163051
4966.93	0.0015901
5089.48	0.00155164
5218.17	0.00151319
5346.85	0.0014766
5481.97	0.00144002
5617.08	0.00140521
5758.96	0.00137041
5900.83	0.00133729
6049.8	0.00130418
6198.76	0.00127266
6355.18	0.00124116
6511.59	0.00121117
6675.83	0.00118119
6840.06	0.00115266
7012.51	0.00112413
7184.96	0.00109698
7366.03	0.00106983
7547.1	0.00104399
7737.22	0.00101815
7927.34	0.000993561
8126.97	0.000968976
8326.6	0.00094557
8536.21	0.000922172
8745.83	0.000899895
8965.92	0.000877625
9186.01	0.000856423
9417.1	0.000835227
9648.2	0.000815046
9890.85	0.000794872
10133.5	0.000775663
10388.3	0.00075646
10643.1	0.000738176
10910.6	0.000719898
11178.1	0.000702494
11459	0.000685094
11739.9	0.000668527
12034.9	0.000651964
12329.8	0.000636194
12639.5	0.000620427
12949.2	0.000605414
13274.4	0.000590405
13599.5	0.000576113
13941	0.000561824
14282.4	0.000548219
14640.9	0.000534616
14999.4	0.000521663
15375.8	0.000508713
15752.3	0.000496382
16147.5	0.000484053
16542.8	0.000472313
16957.8	0.000460575
17372.8	0.000449398
17808.6	0.000438223
18244.3	0.000427581
18701.9	0.000416941
19159.4	0.00040681
19639.9	0.00039668
20120.3	0.000387033
20624.8	0.000377388
21129.2	0.000368204
21658.9	0.000359021
22188.6	0.000350276
22744.7	0.000341532
23300.9	0.000333206
23884.9	0.000324881
24468.8	0.000316953
25082	0.000309026
25695.2	0.000301477
26339	0.000293929
26982.8	0.000286742
27658.8	0.000279555
28334.8	0.000272711
29044.7	0.000265868
29754.5	0.000259351
30499.8	0.000252835
31245.1	0.000246629
32027.7	0.000240425
32810.2	0.000234516
33631.9	0.000228608
34453.6	0.000222981
35316.4	0.000217355
36179.2	0.000211998
37085.1	0.000206641
37991.1	0.000201539
38942.3	0.000196437
39893.5	0.000191579
40892.3	0.000186722
41891.1	0.000182096
42939.8	0.00017747
43988.5	0.000173065
45089.7	0.00016866
46190.8	0.000164465
47347.1	0.00016027
48503.3	0.000156275
49717.3	0.000152281
50931.3	0.000148477
52206.1	0.000144673
53480.8	0.000141051
54819.3	0.000137428
56157.7	0.000133979
57563.1	0.000130529
58968.5	0.000127244
60444.2	0.000123959
61919.8	0.000120831
63469.3	0.000117703
65018.7	0.000114724
66645.6	0.000111745
68272.5	0.000108908
69980.8	0.000106071
71689	0.000103369
73482.7	0.000100668
75276.4	9.80948e-05
77159.7	9.5522e-05
79043.1	9.30719e-05
81020.6	9.06218e-05
82998.1	8.82884e-05
85074.5	8.59552e-05
87150.9	8.37331e-05
89331.2	8.15111e-05
91511.4	7.93949e-05
93800.6	7.72789e-05
96089.8	7.52636e-05
98493.5	7.32484e-05
100897	7.13292e-05
103421	6.941e-05
105945	6.75823e-05
108595	6.57546e-05
111245	6.40139e-05
114028	6.22734e-05
116810	6.06157e-05
119732	5.8958e-05
122654	5.73793e-05
125721	5.58007e-05
128789	5.42972e-05
132010	5.27937e-05
135232	5.13619e-05
138614	4.993e-05
141996	4.85664e-05
145547	4.72027e-05
149099	4.5904e-05
152828	4.46054e-05
156557	4.33685e-05
160472	4.21317e-05
164387	4.09537e-05
168498	3.97757e-05
172610	3.86539e-05
176926	3.7532e-05
181243	3.64635e-05
185775	3.5395e-05
190308	3.43774e-05
195067	3.33597e-05
199826	3.23905e-05
204823	3.14212e-05
209820	3.04981e-05
215067	2.9575e-05
220314	2.86957e-05
225824	2.78165e-05
231333	2.6979e-05
237118	2.61415e-05
242903	2.53439e-05
248977	2.45461e-05
255051	2.37863e-05
261428	2.30265e-05
267806	2.23027e-05
274503	2.15789e-05
281199	2.08895e-05
288231	2.01999e-05
295262	1.95432e-05
302645	1.88863e-05
310028	1.82606e-05
317780	1.76347e-05
325532	1.70386e-05
333672	1.64423e-05
341812	1.58742e-05
350359	1.5306e-05
358905	1.47647e-05
367879	1.42233e-05
376853	1.37074e-05
386276	1.31913e-05
395699	1.26995e-05
405593	1.22076e-05
415487	1.17387e-05
425875	1.12697e-05
436264	1.08226e-05
447172	1.03753e-05
458080	9.94885e-06
469534	9.52207e-06
480987	9.11522e-06
493013	8.70793e-06
505039	8.31957e-06
517667	7.9307e-06
530294	7.55981e-06
543553	7.18832e-06
556812	6.83389e-06
570734	6.47876e-06
584655	6.1398e-06
599273	5.80002e-06
613891	5.47555e-06
629240	5.1501e-06
644588	4.83913e-06
660705	4.52701e-06
676821	4.22853e-06
693743	3.9287e-06
710665	3.64171e-06
728433	3.3531e-06
746201	3.07652e-06
764857	2.79803e-06
783514	2.53074e-06
803103	2.26117e-06
822692	2.00197e-06
843261	1.74003e-06
863830	1.48762e-06
885427	1.23188e-06
907024	9.84773e-07
929701	7.3365e-07
952378	4.90169e-07
976189	2.41806e-07
1e+06	0
