0
6.05000910676262e-07
1.21000182135252e-06
1.99650300523167e-06
2.78300418911081e-06
3.80545572815369e-06
4.82790726719657e-06
6.15709426795232e-06
7.48628126870807e-06
9.21422436969054e-06
1.0942167470673e-05
1.31884935019502e-05
1.54348195332274e-05
1.83550433738878e-05
2.12752672145482e-05
2.50715582074067e-05
2.88678492002652e-05
3.38030274909812e-05
3.87382057816973e-05
4.51539375596281e-05
5.1569669337559e-05
5.99101206488691e-05
6.82505719601792e-05
7.90931586648823e-05
8.99357453695855e-05
0.0001040311080857
0.000118126470801814
0.000136450442332762
0.00015477441386371
0.000178595576853943
0.000202416739844176
0.000233384251731479
0.000264351763618781
0.000304609529072275
0.000344867294525768
0.00039720238961531
0.000449537484704851
0.000517573108321255
0.000585608731937659
0.000674055042638984
0.000762501353340309
0.000877481557252032
0.000992461761163754
0.00114193602624899
0.00129141029133423
0.00148572683594504
0.00168004338055586
0.00193265488854991
0.00218526639654397
0.00251366135693624
0.00284205631732851
0.00326896976583846
0.00369588321434841
0.00425087069741135
0.00480585818047429
0.00552734190845611
0.00624882563643793
0.0071867544828143
0.00812468332919066
0.00934399082947994
0.0105632983297692
0.0121483980801453
0.0137334978305213
0.0157941275060102
0.0178547571814991
0.0205335757596346
0.0232123943377702
0.0266948584893464
0.0301773226409226
0.0347045260379716
0.0392317294350207
0.0451170938511845
0.0510024582673482
0.0586534320083612
0.0663044057493741
0.0762506716126908
0.0861969374760076
0.0991270830983195
0.112057228720631
0.128866418029637
0.145675607338642
0.167527553440349
0.189379499542056
0.217787029474275
0.246194559406494
0.283124348318379
0.320054137230264
0.368062862815714
0.416071588401164
0.47848293166225
0.540894274923335
0.622029021162746
0.703163767402157
0.808638937513391
0.914114107624625
1.05123182876923
1.18834954991383
1.36660258740182
1.54485562488981
1.77658457362419
2.00831352235857
2.30956115571326
2.61080878906796
3.00243071242907
3.39405263579017
3.90316113615961
4.41226963652904
5.07411068700931
5.73595173748958
6.59634510311393
7.45673846873827
8.57524984404992
9.69376121936158
11.1478260072667
12.6018907951719
14.4921750194486
16.3824592437253
18.839828735285
21.2971982268447
24.4917785658723
27.6863589048999
31.8393133456358
35.9922677863717
41.3911085593283
46.789949332285
53.8084423371286
60.8269353419723
69.9509762482691
79.0750171545658
90.9362703327516
102.797523510937
118.217152642579
133.63678177422
153.682299645354
173.727817516488
199.786990748963
225.846163981437
259.723089183653
293.60001438587
337.640017148751
381.680019911632
438.932023503378
496.184027095124
570.611631764393
645.039236433663
741.795122503713
838.551008573763
964.333660464829
1090.11631235589
1253.63375981428
1417.15120727266
1629.72388896857
1842.29657066447
2118.64105686914
2394.98554307381
2754.23337513988
3113.48120720595
3580.50338889185
4047.52557057774
4654.6544067694
5261.78324296106
6051.05073001022
6840.31821705938
7866.36595022329
8892.4136833872
10226.2757365003
11560.1377896134
13294.1584586604
15028.1791277074
17282.4059974685
19536.6328672296
22467.127797919
25397.6227286085
29207.2661385047
33016.909548401
37969.4459812662
42921.9824141313
49360.279776856
55798.5771395807
64168.3637111228
72538.1502826649
83418.8728256697
94299.5953686744
108444.534674581
122589.473980487
140977.895078165
159366.316175843
183271.263602824
207176.211029806
238252.642684881
269329.074339957
309728.435491556
350127.796643155
402646.966140233
455166.135637311
523441.055983513
591715.976329714
680473.372779776
769230.769229839
884615.384614919
1000000
