-1000000
-850000
-700000
-595000
-490000
-416500
-343000
-291550
-240100
-204085
-168070
-142859.5
-117649
-100001.65
-82354.2999999995
-70001.1549999995
-57648.0099999995
-49000.8084999995
-40353.6069999995
-34300.5659499995
-28247.5248999995
-24010.3961649995
-19773.2674299995
-16807.2773154995
-13841.2872009995
-11765.0941208495
-9688.9010406995
-8235.5658845945
-6782.2307284895
-5764.896119216
-4747.5615099425
-4035.42728345105
-3323.2930569596
-2824.79909841558
-2326.30513987157
-1977.35936889076
-1628.41359790995
-1384.15155822338
-1139.88951853681
-968.906090756218
-797.922662975621
-678.234263529203
-558.545864082785
-474.763984470292
-390.9821048578
-332.334789129055
-273.68747340031
-232.634352390189
-191.581231380068
-162.844046672983
-134.106861965898
-113.990832670938
-93.8748033759789
-79.7935828695073
-65.7123623630357
-55.8555080085056
-45.9986536539754
-39.0988556058044
-32.1990575576333
-27.3691989239135
-22.5393402901937
-19.1584392465899
-15.7775382029861
-13.4109074724634
-11.0442767419407
-9.38763523057483
-7.73099371920895
-6.57134466125283
-5.41169560329672
-4.59994126272744
-3.78818692215816
-3.21995888375966
-2.65173084536116
-2.25397121848222
-1.85621159160327
-1.57777985278801
-1.29934811397274
-1.10444589680206
-0.909543679631375
-0.773112127611896
-0.636680575592417
-0.541178489178782
-0.445676402765146
-0.378824942275602
-0.311973481786057
-0.265177459443376
-0.218381437100694
-0.185624221460818
-0.152867005820941
-0.129936954873027
-0.107006903925113
-0.0909558682615734
-0.0749048325980337
-0.063669107633556
-0.0524333826690782
-0.0445683751939438
-0.0367033677188093
-0.0311978624862152
-0.0256923572536211
-0.0218385035908053
-0.0179846499279894
-0.0152869523640183
-0.0125892548000472
-0.0107008665052674
-0.0088124782104876
-0.00749060640414176
-0.00616873459779591
-0.00524342433335382
-0.00431811406891173
-0.00367039688380227
-0.0030226796986928
-0.00256927766911618
-0.00211587563953955
-0.00179849421883592
-0.00148111279813228
-0.00125894580363973
-0.00103677880914719
-0.000881261913002405
-0.000725745016857622
-0.000616883189556275
-0.000508021362254927
-0.000431818083143984
-0.000355614804033041
-0.000302272508655381
-0.00024893021327772
-0.000211590606513358
-0.000174250999748996
-0.000148113275013942
-0.000121975550278889
-0.000103679142964351
-8.53827356498139e-05
-7.25752505296376e-05
-5.97677654094614e-05
-5.0802525825338e-05
-4.18372862412147e-05
-3.55616185323283e-05
-2.9285950823442e-05
-2.48929834272215e-05
-2.05000160310011e-05
-1.74249388536468e-05
-1.43498616762925e-05
-1.21973076521444e-05
-1.00447536279964e-05
-8.53796581109281e-06
-7.0311779941892e-06
-5.97642652235667e-06
-4.92167505052414e-06
-4.18334902024137e-06
-3.4450229899586e-06
-2.92819476876066e-06
-2.41136654756272e-06
-2.04958679272416e-06
-1.68780703788561e-06
-1.43456120949862e-06
-1.18131538111163e-06
-1.00404330124073e-06
-8.2677122136984e-07
-7.02680765460215e-07
-5.7859030955059e-07
-4.91726990413852e-07
-4.04863671277115e-07
-3.44059347881398e-07
-2.83255024485682e-07
-2.40691998108681e-07
-1.98128971731679e-07
-1.68334853267778e-07
-1.38540734803877e-07
-1.17684851879146e-07
-9.68289689544158e-08
-8.22298509071043e-08
-6.76307328597928e-08
-5.74113502266747e-08
-4.71919675935567e-08
-4.00383997503741e-08
-3.28848319071915e-08
-2.78773344169636e-08
-2.28698369267358e-08
-1.93645886835763e-08
-1.58593404404168e-08
-1.34056666702052e-08
-1.09519928999935e-08
-9.23442126084539e-09
-7.51684962169725e-09
-6.31454947429354e-09
-5.11224932688984e-09
-4.27063922370725e-09
-3.42902912052465e-09
-2.83990204829684e-09
-2.25077497606903e-09
-1.83838602550956e-09
-1.42599707495009e-09
-1.13732480955846e-09
-8.48652544166827e-10
-6.46581958392687e-10
-4.44511372618546e-10
-3.03061962576648e-10
-1.6161255253475e-10
-6.2597965505421e-11
3.64166215239078e-11
1.82083107619539e-11
0
